(
NM_001033910.3:0.12821,
NM_011633.2:0.19949,
NM_001197118.1:0.04850);
