(
NR_037916.1:0.24793,
NR_125870.1:0.27055,
NM_001284458.1:0.37482);
