(
NG_029764.1:0.28630,
NM_011785.4:0.09991,
XM_005622596.3:0.14669);
