(
NG_029860.1:0.86777,
NM_001282947.1:0.12161,
XM_014119302.2:0.11543);
