(
NG_027811.1:0.86761,
NM_011785.4:0.12266,
XM_005622596.3:0.12393);
