(
NM_001330511.1:0.28207,
NM_007434.4:0.21461,
NM_001012340.1:-0.10509);
